----------------------------------- Exercise 2 -----------------------------------

--------------------------------------------------------------------------------
Array sorted
 [138, 244, 254, 264, 601, 659, 862, 889, 954, 999]
N =  10
Element 601 is 5th smallest
count_compare: 120 and count_assign: 158
--------------------------------------------------------------------------------
Array sorted
 [49, 53, 76, 78, 114, 155, 208, 286, 313, 329, 366, 408, 539, 542, 646, 695, 780, 796, 891, 917]
N =  20
Element 114 is 5th smallest
count_compare: 267 and count_assign: 370
--------------------------------------------------------------------------------
Array sorted
 [4, 46, 51, 80, 86, 149, 174, 188, 223, 274, 370, 383, 421, 434, 439, 541, 560, 616, 638, 639, 822, 826, 854, 857, 865, 867, 876, 906, 920, 986]    
N =  30
Element 86 is 5th smallest
count_compare: 447 and count_assign: 646
--------------------------------------------------------------------------------
Array sorted
 [15, 110, 125, 154, 156, 163, 196, 204, 233, 266, 293, 297, 331, 333, 336, 372, 377, 402, 426, 455, 512, 514, 537, 561, 602, 621, 644, 703, 737, 743, 754, 781, 864, 869, 895, 905, 921, 928, 934, 999]
N =  40
Element 156 is 5th smallest
count_compare: 681 and count_assign: 1003
--------------------------------------------------------------------------------
Array sorted
 [37, 40, 49, 59, 63, 87, 96, 125, 126, 134, 175, 185, 204, 214, 223, 248, 258, 273, 277, 291, 294, 302, 319, 331, 355, 374, 393, 394, 418, 422, 431, 450, 457, 470, 497, 609, 614, 621, 629, 684, 687, 689, 772, 810, 856, 884, 901, 926, 934, 936]
N =  50
Element 63 is 5th smallest
count_compare: 891 and count_assign: 1337
--------------------------------------------------------------------------------
Array sorted
 [41, 57, 69, 73, 75, 79, 89, 96, 98, 132, 136, 160, 169, 174, 177, 200, 203, 217, 250, 261, 272, 298, 312, 403, 408, 418, 420, 446, 448, 450, 458, 466, 474, 488, 501, 510, 539, 545, 548, 556, 581, 583, 584, 588, 614, 655, 665, 675, 681, 684, 693, 756, 762, 765, 809, 817, 826, 834, 844, 873]      
N =  60
Element 75 is 5th smallest
count_compare: 1086 and count_assign: 1632
--------------------------------------------------------------------------------
Array sorted
 [15, 31, 35, 48, 56, 70, 83, 120, 145, 163, 175, 176, 181, 182, 185, 208, 216, 221, 237, 249, 272, 273, 283, 285, 286, 292, 305, 331, 345, 362, 364, 387, 409, 440, 454, 462, 468, 471, 485, 514, 540, 557, 561, 564, 569, 580, 599, 637, 641, 654, 669, 670, 720, 732, 740, 743, 784, 843, 845, 852, 888, 897, 905, 920, 943, 978, 980, 985, 990, 995]
N =  70
Element 56 is 5th smallest
count_compare: 1290 and count_assign: 1953
--------------------------------------------------------------------------------
Array sorted
 [10, 12, 30, 31, 38, 64, 67, 68, 74, 94, 119, 153, 157, 164, 169, 173, 180, 182, 201, 206, 211, 218, 224, 276, 281, 297, 298, 300, 307, 315, 322, 342, 355, 361, 365, 394, 401, 404, 407, 430, 440, 457, 464, 526, 581, 597, 598, 609, 617, 629, 638, 639, 651, 658, 676, 684, 729, 730, 752, 761, 784, 791, 816, 819, 832, 846, 847, 858, 865, 908, 914, 918, 920, 932, 936, 958, 984, 990, 992, 1000]
N =  80
Element 38 is 5th smallest
count_compare: 1548 and count_assign: 2361
--------------------------------------------------------------------------------
Array sorted
 [3, 10, 13, 29, 31, 67, 86, 97, 98, 103, 119, 135, 138, 139, 150, 165, 181, 186, 189, 199, 203, 207, 220, 233, 251, 260, 263, 324, 327, 345, 350, 354, 365, 380, 382, 384, 385, 391, 414, 416, 456, 460, 466, 478, 495, 501, 507, 510, 521, 522, 524, 532, 547, 548, 560, 574, 581, 584, 592, 593, 601, 603, 617, 630, 641, 643, 651, 713, 728, 729, 746, 754, 774, 781, 816, 834, 874, 878, 880, 888, 902, 908, 915, 916, 926, 933, 934, 951, 963, 983]      
N =  90
Element 31 is 5th smallest
count_compare: 1800 and count_assign: 2764
                         END EX2